[Settings]
address = 4:06:21 PM
latitude = 51.5609063
longitude = -3.2823817
sunset = 4:07:30 PM
timeout = 30
lastupdate = 03/12/2015
daykelvin = 5000
nightkelvin = 3400

