[Settings]
address = 4:08:52 PM
latitude = 51.5609063
longitude = -3.2823817
sunset = 4:08:52 PM
timeout = 30
lastupdate = 29/11/2015

