[Settings]
address = Cardiff
latitude = 51.5609063
longitude = -3.2823817
sunset = 4:08:52 PM
timeout = 60

